%YAML:1.0
---
R: !!opencv-matrix
   rows: 3
   cols: 3
   dt: d
   data: [ -9.9952133506882201e-01, -1.1078914328703643e-02,
       -2.8885262670379996e-02, 3.8293262720437643e-03,
       8.8219361199735280e-01, -4.7087128518456589e-01,
       3.0699136837081240e-02, -4.7075650670846791e-01,
       -8.8172891207507664e-01 ]
T: !!opencv-matrix
   rows: 3
   cols: 1
   dt: d
   data: [ 1.5219425162191931e+03, -1.5512459499751158e+03,
       3.4686833272942135e+03 ]
