%YAML:1.0
---
h_min: 56
h_max: 134
s_min: 106
s_max: 255
v_min: 50
v_max: 255
