%YAML:1.0
---
h_min: 23
h_max: 104
s_min: 53
s_max: 255
v_min: 149
v_max: 255
