%YAML:1.0
---
intrinsic: !!opencv-matrix
   rows: 3
   cols: 3
   dt: d
   data: [ 5.6783111615280950e+02, 0., 4.6836756424367206e+02, 0.,
       5.7154703827729338e+02, 2.7860849003348119e+02, 0., 0., 1. ]
dist: !!opencv-matrix
   rows: 5
   cols: 1
   dt: d
   data: [ 4.1357851613240383e-02, 1.0023120925613189e+00,
       -1.0481934561641253e-02, -4.7296094690362327e-03,
       -5.5623839030182403e+00 ]
error: 1.2548994633732580e-01
