%YAML:1.0
---
#h_min: 0
#h_max: 180
#s_min: 0
#s_max: 200
#v_min: 150
#v_max: 255

h_min: 50
h_max: 179
s_min: 0
s_max: 255
v_min: 90
v_max: 255