%YAML:1.0
---
R: !!opencv-matrix
   rows: 3
   cols: 3
   dt: d
   data: [ -3.3134323630713114e-02, -9.9810517034383961e-01,
       5.1847714804321987e-02, -8.7888848992845714e-01,
       4.3979860939463711e-03, -4.7700700203413582e-01,
       4.7587512949177296e-01, -6.1373664150127266e-02,
       -8.7736887024784260e-01 ]
T: !!opencv-matrix
   rows: 3
   cols: 1
   dt: d
   data: [ 1.1972483955748569e+03, 9.3476015412945412e+02,
       2.0530278596307871e+03 ]
