%YAML:1.0
---
h_min: 18
h_max: 80
s_min: 100
s_max: 255
v_min: 125
v_max: 255
