%YAML:1.0
---
intrinsic: !!opencv-matrix
   rows: 3
   cols: 3
   dt: d
   data: [ 5.1772005034047356e+02, 0., 4.7161584286599623e+02, 0.,
       5.1772005034047356e+02, 2.8179533231035828e+02, 0., 0., 1. ]
dist: !!opencv-matrix
   rows: 5
   cols: 1
   dt: d
   data: [ 1.1110701453076484e-01, -1.7156912034522648e-01,
       -1.4429515363713103e-02, 2.5301042417083643e-03,
       5.6540710456965168e-02 ]
error: 1.1646179596027119e-01
