%YAML:1.0
---
R: !!opencv-matrix
   rows: 3
   cols: 3
   dt: d
   data: [ -1.2201350839432190e-02, 9.9959698779254313e-01,
       2.5631797318317051e-02, 8.5532236498673198e-01,
       2.3711465553461375e-02, -5.1755330001344824e-01,
       -5.1795248719471987e-01, 1.5608600109593640e-02,
       -8.5526697154246656e-01 ]
T: !!opencv-matrix
   rows: 3
   cols: 1
   dt: d
   data: [ -1.4063164281579911e+03, -1.4417306137150335e+03,
       3.6461570808510855e+03 ]
