%YAML:1.0
---
intrinsic: !!opencv-matrix
   rows: 3
   cols: 3
   dt: d
   data: [ 5.8048882716396088e+02, 0., 4.6687001276498205e+02, 0.,
       5.7917648277131013e+02, 2.4869863160070173e+02, 0., 0., 1. ]
dist: !!opencv-matrix
   rows: 5
   cols: 1
   dt: d
   data: [ 8.4428097454508688e-02, 1.0633165496577086e-01,
       -1.8870947217544769e-02, 1.3005933929498956e-03,
       -6.3691168043894253e-01 ]
error: 1.2340417440766832e-01
