%YAML:1.0
---
size: 34
_0: !!opencv-matrix
   rows: 1
   cols: 4
   dt: d
   data: [ 200., 380., -2.0552742558319199e+00, 1. ]
_1: !!opencv-matrix
   rows: 1
   cols: 4
   dt: d
   data: [ 396., 804., -2.7425058738975028e+00, 1. ]
_2: !!opencv-matrix
   rows: 1
   cols: 4
   dt: d
   data: [ 272., 1720., -2.2557076411892769e+00, 1. ]
_3: !!opencv-matrix
   rows: 1
   cols: 4
   dt: d
   data: [ 384., 2328., -2.6800305473006154e+00, 1. ]
_4: !!opencv-matrix
   rows: 1
   cols: 4
   dt: d
   data: [ 332., 2500., 2.4516134134455059e+00, 1. ]
_5: !!opencv-matrix
   rows: 1
   cols: 4
   dt: d
   data: [ 448., 2352., 1.7989792570099434e+00, 1. ]
_6: !!opencv-matrix
   rows: 1
   cols: 4
   dt: d
   data: [ 384., 2564., -1.6502539770500777e+00, 1. ]
_7: !!opencv-matrix
   rows: 1
   cols: 4
   dt: d
   data: [ 692., 1644., -2.4971565287062036e+00, 1. ]
_8: !!opencv-matrix
   rows: 1
   cols: 4
   dt: d
   data: [ 448., 1052., -1.8026926873843370e+00, 1. ]
_9: !!opencv-matrix
   rows: 1
   cols: 4
   dt: d
   data: [ 564., 372., -2.0928326064045599e+00, 1. ]
_10: !!opencv-matrix
   rows: 1
   cols: 4
   dt: d
   data: [ 1260., 232., -2.5691328397717421e+00, 1. ]
_11: !!opencv-matrix
   rows: 1
   cols: 4
   dt: d
   data: [ 960., 1060., -1.7117003330661062e+00, 1. ]
_12: !!opencv-matrix
   rows: 1
   cols: 4
   dt: d
   data: [ 1020., 972., 1.8522756253229393e+00, 1. ]
_13: !!opencv-matrix
   rows: 6
   cols: 4
   dt: d
   data: [ 8.1779578298543993e+02, 1.1577416079577183e+03,
       -2.6829036752118793e-04, 0., 7.1105979157034403e+02,
       1.5215262007127535e+03, -1.8723871634044388e-04, 0.,
       7.2060449263487214e+02, 2.2542565048490715e+03,
       -3.1094741302041545e-04, 0., 7.3768646497809175e+02,
       2.2646583854508972e+03, 1.1038413225506876e-04, 0.,
       9.3155569124034855e+02, 2.4244581005351397e+03,
       2.0669173257768666e-03, 0., 1132., 2496., -2.1445234562828541e+00,
       1. ]
_14: !!opencv-matrix
   rows: 3
   cols: 4
   dt: d
   data: [ 1.0580498494062856e+03, 2.4740805904669533e+03,
       6.4423967249074192e-04, 0., 8.1600792462362051e+02,
       2.3715942981599223e+03, -2.2266247909002910e-05, 0., 812., 2352.,
       1.3652116870396369e+00, 1. ]
_15: !!opencv-matrix
   rows: 2
   cols: 4
   dt: d
   data: [ 9.4837039023304305e+02, 2.4278790619354822e+03,
       6.4650179750138067e-03, 0., 1136., 2480., 7.5251528359193631e-01,
       1. ]
_16: !!opencv-matrix
   rows: 3
   cols: 4
   dt: d
   data: [ 1.9336087725272107e+03, 2.4294786547868016e+03,
       -2.4675558746562989e-02, 0., 1.9417184743608964e+03,
       1.2950145374100666e+03, -1.8704436985725176e-03, 0., 1656., 1008.,
       2.0686629385475404e+00, 1. ]
_17: !!opencv-matrix
   rows: 1
   cols: 4
   dt: d
   data: [ 1460., 1064., -1.5942112504585157e+00, 1. ]
_18: !!opencv-matrix
   rows: 1
   cols: 4
   dt: d
   data: [ 1332., 412., -1.2918556422365617e+00, 1. ]
_19: !!opencv-matrix
   rows: 1
   cols: 4
   dt: d
   data: [ 1948., 424., -1.4487642084418977e+00, 1. ]
_20: !!opencv-matrix
   rows: 1
   cols: 4
   dt: d
   data: [ 1716., 956., -8.4337623009655405e-01, 1. ]
_21: !!opencv-matrix
   rows: 1
   cols: 4
   dt: d
   data: [ 2248., 1736., -2.1886021575820513e+00, 1. ]
_22: !!opencv-matrix
   rows: 1
   cols: 4
   dt: d
   data: [ 1904., 2556., -1.3455667886994760e+00, 1. ]
_23: !!opencv-matrix
   rows: 1
   cols: 4
   dt: d
   data: [ 1708., 2456., 8.2799533105103129e-01, 1. ]
_24: !!opencv-matrix
   rows: 1
   cols: 4
   dt: d
   data: [ 2200., 2524., 6.2024948598282148e-01, 1. ]
_25: !!opencv-matrix
   rows: 1
   cols: 4
   dt: d
   data: [ 2552., 2564., -1.5754801332928272e+00, 1. ]
_26: !!opencv-matrix
   rows: 2
   cols: 4
   dt: d
   data: [ 2.4813900326940011e+03, 1.8193259205671561e+03,
       -1.2567456129464274e-01, 0., 2500., 1812.,
       -1.4536875822280326e+00, 1. ]
_27: !!opencv-matrix
   rows: 1
   cols: 4
   dt: d
   data: [ 2228., 920., -7.2102442225677021e-01, 1. ]
_28: !!opencv-matrix
   rows: 1
   cols: 4
   dt: d
   data: [ 2456., 416., -1.3485668669740052e+00, 1. ]
_29: !!opencv-matrix
   rows: 3
   cols: 4
   dt: d
   data: [ 2.4186229451507375e+03, 4.6566776774797256e+02,
       1.0928139751459090e-04, 0., 2.6548453894240401e+03,
       4.1318792451811447e+02, -1.0677815191589617e+00, 0., 2684., 372.,
       -1.0467426307002954e+00, 1. ]
_30: !!opencv-matrix
   rows: 1
   cols: 4
   dt: d
   data: [ 2648., 984., -9.4457514198362558e-01, 1. ]
_31: !!opencv-matrix
   rows: 1
   cols: 4
   dt: d
   data: [ 2704., 1768., -1.0977446063139471e+00, 1. ]
_32: !!opencv-matrix
   rows: 1
   cols: 4
   dt: d
   data: [ 2648., 2484., -9.4457514198362513e-01, 1. ]
_33: !!opencv-matrix
   rows: 3
   cols: 4
   dt: d
   data: [ 2.6103193024203060e+03, 2.4453237636578406e+03,
       -9.4256705453785528e-01, 0., 2.4938997579775105e+03,
       2.5484102430745979e+03, -3.1383607691305565e-01, 0., 2512., 2584.,
       4.5638632583515198e-01, 1. ]
